tile_x,tile_y,count
0,0,1
1,0,1
2,0,1
3,0,1
4,0,1
5,0,1
6,0,1
7,0,1
8,0,1
9,0,1
10,0,1
11,0,1
12,0,1
13,0,1
14,0,1
15,0,1
16,0,1
17,0,1
18,0,1
19,0,1
20,0,1
21,0,1
22,0,1
23,0,1
24,0,1
25,0,1
26,0,1
27,0,1
28,0,1
29,0,1
30,0,1
31,0,1
32,0,1
33,0,1
34,0,1
35,0,1
36,0,1
37,0,1
38,0,1
39,0,1
40,0,1
41,0,1
42,0,1
43,0,1
44,0,1
45,0,1
46,0,1
47,0,1
48,0,1
49,0,1
50,0,1
51,0,1
52,0,1
53,0,1
54,0,1
55,0,1
56,0,1
57,0,1
58,0,1
59,0,1
60,0,1
61,0,1
62,0,1
63,0,1
64,0,1
65,0,1
66,0,1
67,0,1
68,0,1
69,0,1
70,0,1
71,0,1
0,1,1
1,1,2
2,1,2
3,1,2
4,1,2
5,1,2
6,1,2
7,1,2
8,1,2
9,1,2
10,1,2
11,1,2
12,1,2
13,1,2
14,1,2
15,1,2
16,1,2
17,1,2
18,1,2
19,1,2
20,1,2
21,1,2
22,1,2
23,1,2
24,1,2
25,1,2
26,1,2
27,1,2
28,1,2
29,1,2
30,1,2
31,1,2
32,1,2
33,1,2
34,1,2
35,1,2
36,1,2
37,1,2
38,1,2
39,1,2
40,1,2
41,1,2
42,1,2
43,1,2
44,1,2
45,1,2
46,1,2
47,1,2
48,1,2
49,1,2
50,1,2
51,1,2
52,1,2
53,1,2
54,1,2
55,1,2
56,1,2
57,1,2
58,1,2
59,1,2
60,1,2
61,1,2
62,1,2
63,1,2
64,1,2
65,1,2
66,1,2
67,1,2
68,1,2
69,1,2
70,1,2
71,1,1
0,2,1
1,2,2
2,2,3
3,2,3
4,2,3
5,2,3
6,2,3
7,2,3
8,2,3
9,2,3
10,2,3
11,2,3
12,2,3
13,2,3
14,2,3
15,2,3
16,2,3
17,2,3
18,2,3
19,2,3
20,2,3
21,2,3
22,2,3
23,2,3
24,2,3
25,2,3
26,2,3
27,2,3
28,2,3
29,2,3
30,2,3
31,2,3
32,2,3
33,2,3
34,2,3
35,2,3
36,2,3
37,2,3
38,2,3
39,2,3
40,2,3
41,2,3
42,2,3
43,2,3
44,2,3
45,2,3
46,2,3
47,2,3
48,2,3
49,2,3
50,2,3
51,2,3
52,2,3
53,2,3
54,2,3
55,2,3
56,2,3
57,2,3
58,2,3
59,2,3
60,2,3
61,2,3
62,2,3
63,2,3
64,2,3
65,2,3
66,2,3
67,2,3
68,2,3
69,2,2
70,2,2
71,2,1
0,3,1
1,3,2
2,3,3
3,3,3
4,3,3
5,3,3
6,3,3
7,3,3
8,3,3
9,3,3
10,3,3
11,3,3
12,3,3
13,3,3
14,3,3
15,3,3
16,3,3
17,3,3
18,3,3
19,3,3
20,3,3
21,3,3
22,3,3
23,3,3
24,3,3
25,3,3
26,3,3
27,3,3
28,3,3
29,3,3
30,3,3
31,3,3
32,3,3
33,3,3
34,3,3
35,3,3
36,3,3
37,3,3
38,3,3
39,3,3
40,3,3
41,3,3
42,3,3
43,3,3
44,3,3
45,3,3
46,3,3
47,3,3
48,3,3
49,3,3
50,3,3
51,3,3
52,3,3
53,3,3
54,3,3
55,3,3
56,3,3
57,3,3
58,3,3
59,3,3
60,3,3
61,3,3
62,3,3
63,3,3
64,3,3
65,3,3
66,3,3
67,3,3
68,3,3
69,3,2
70,3,2
71,3,1
0,4,1
1,4,2
2,4,3
3,4,3
4,4,4
5,4,4
6,4,4
7,4,4
8,4,4
9,4,4
10,4,4
11,4,4
12,4,4
13,4,4
14,4,4
15,4,4
16,4,4
17,4,4
18,4,4
19,4,4
20,4,4
21,4,4
22,4,4
23,4,4
24,4,4
25,4,4
26,4,4
27,4,4
28,4,4
29,4,4
30,4,4
31,4,4
32,4,4
33,4,4
34,4,4
35,4,4
36,4,4
37,4,4
38,4,4
39,4,4
40,4,4
41,4,4
42,4,4
43,4,4
44,4,4
45,4,4
46,4,4
47,4,4
48,4,4
49,4,4
50,4,4
51,4,4
52,4,4
53,4,4
54,4,4
55,4,4
56,4,4
57,4,4
58,4,4
59,4,4
60,4,4
61,4,4
62,4,4
63,4,4
64,4,4
65,4,4
66,4,4
67,4,4
68,4,3
69,4,2
70,4,2
71,4,1
0,5,1
1,5,2
2,5,3
3,5,3
4,5,4
5,5,5
6,5,5
7,5,5
8,5,5
9,5,5
10,5,5
11,5,5
12,5,5
13,5,5
14,5,5
15,5,5
16,5,5
17,5,5
18,5,5
19,5,5
20,5,5
21,5,5
22,5,5
23,5,5
24,5,5
25,5,5
26,5,5
27,5,5
28,5,5
29,5,5
30,5,5
31,5,5
32,5,5
33,5,5
34,5,5
35,5,5
36,5,5
37,5,5
38,5,5
39,5,5
40,5,5
41,5,5
42,5,5
43,5,5
44,5,5
45,5,5
46,5,5
47,5,5
48,5,5
49,5,5
50,5,5
51,5,5
52,5,5
53,5,5
54,5,5
55,5,5
56,5,5
57,5,5
58,5,5
59,5,5
60,5,5
61,5,5
62,5,5
63,5,5
64,5,5
65,5,5
66,5,5
67,5,4
68,5,3
69,5,2
70,5,2
71,5,1
0,6,1
1,6,2
2,6,3
3,6,3
4,6,4
5,6,5
6,6,5
7,6,5
8,6,5
9,6,5
10,6,5
11,6,5
12,6,5
13,6,5
14,6,5
15,6,5
16,6,5
17,6,5
18,6,5
19,6,5
20,6,5
21,6,5
22,6,5
23,6,5
24,6,5
25,6,5
26,6,5
27,6,5
28,6,5
29,6,5
30,6,5
31,6,5
32,6,5
33,6,5
34,6,5
35,6,5
36,6,5
37,6,5
38,6,5
39,6,5
40,6,5
41,6,5
42,6,5
43,6,5
44,6,5
45,6,5
46,6,5
47,6,5
48,6,5
49,6,5
50,6,5
51,6,5
52,6,5
53,6,5
54,6,5
55,6,5
56,6,5
57,6,5
58,6,5
59,6,5
60,6,5
61,6,5
62,6,5
63,6,5
64,6,5
65,6,5
66,6,5
67,6,4
68,6,3
69,6,2
70,6,2
71,6,1
0,7,1
1,7,2
2,7,3
3,7,3
4,7,4
5,7,5
6,7,5
7,7,6
8,7,6
9,7,6
10,7,6
11,7,6
12,7,6
13,7,6
14,7,6
15,7,6
16,7,6
17,7,6
18,7,6
19,7,6
20,7,6
21,7,6
22,7,6
23,7,6
24,7,6
25,7,6
26,7,6
27,7,6
28,7,6
29,7,6
30,7,6
31,7,6
32,7,6
33,7,6
34,7,6
35,7,6
36,7,6
37,7,6
38,7,6
39,7,6
40,7,6
41,7,6
42,7,6
43,7,6
44,7,6
45,7,6
46,7,6
47,7,6
48,7,6
49,7,6
50,7,6
51,7,6
52,7,6
53,7,6
54,7,6
55,7,6
56,7,6
57,7,6
58,7,6
59,7,6
60,7,6
61,7,6
62,7,6
63,7,6
64,7,6
65,7,5
66,7,5
67,7,4
68,7,3
69,7,2
70,7,2
71,7,1
0,8,1
1,8,2
2,8,3
3,8,3
4,8,4
5,8,5
6,8,5
7,8,6
8,8,7
9,8,7
10,8,7
11,8,7
12,8,7
13,8,7
14,8,7
15,8,7
16,8,7
17,8,7
18,8,7
19,8,7
20,8,7
21,8,7
22,8,7
23,8,7
24,8,7
25,8,7
26,8,7
27,8,7
28,8,7
29,8,7
30,8,7
31,8,7
32,8,7
33,8,7
34,8,7
35,8,7
36,8,7
37,8,7
38,8,7
39,8,7
40,8,7
41,8,7
42,8,7
43,8,7
44,8,7
45,8,7
46,8,7
47,8,7
48,8,7
49,8,7
50,8,7
51,8,7
52,8,7
53,8,7
54,8,7
55,8,7
56,8,7
57,8,7
58,8,7
59,8,7
60,8,7
61,8,7
62,8,7
63,8,7
64,8,6
65,8,5
66,8,5
67,8,4
68,8,3
69,8,2
70,8,2
71,8,1
0,9,1
1,9,2
2,9,3
3,9,3
4,9,4
5,9,5
6,9,5
7,9,6
8,9,7
9,9,7
10,9,7
11,9,7
12,9,7
13,9,7
14,9,7
15,9,7
16,9,7
17,9,7
18,9,7
19,9,7
20,9,7
21,9,7
22,9,7
23,9,7
24,9,7
25,9,7
26,9,7
27,9,7
28,9,7
29,9,7
30,9,7
31,9,7
32,9,7
33,9,7
34,9,7
35,9,7
36,9,7
37,9,7
38,9,7
39,9,7
40,9,7
41,9,7
42,9,7
43,9,7
44,9,7
45,9,7
46,9,7
47,9,7
48,9,7
49,9,7
50,9,7
51,9,7
52,9,7
53,9,7
54,9,7
55,9,7
56,9,7
57,9,7
58,9,7
59,9,7
60,9,7
61,9,7
62,9,7
63,9,7
64,9,6
65,9,5
66,9,5
67,9,4
68,9,3
69,9,2
70,9,2
71,9,1
0,10,1
1,10,2
2,10,3
3,10,3
4,10,4
5,10,5
6,10,5
7,10,6
8,10,7
9,10,7
10,10,8
11,10,8
12,10,8
13,10,8
14,10,8
15,10,8
16,10,8
17,10,8
18,10,8
19,10,8
20,10,8
21,10,8
22,10,8
23,10,8
24,10,8
25,10,8
26,10,8
27,10,8
28,10,8
29,10,8
30,10,8
31,10,8
32,10,8
33,10,8
34,10,8
35,10,8
36,10,8
37,10,8
38,10,8
39,10,8
40,10,8
41,10,8
42,10,8
43,10,8
44,10,8
45,10,8
46,10,8
47,10,8
48,10,8
49,10,8
50,10,8
51,10,8
52,10,8
53,10,8
54,10,8
55,10,8
56,10,8
57,10,8
58,10,8
59,10,8
60,10,8
61,10,8
62,10,7
63,10,7
64,10,6
65,10,5
66,10,5
67,10,4
68,10,3
69,10,2
70,10,2
71,10,1
0,11,1
1,11,2
2,11,3
3,11,3
4,11,4
5,11,5
6,11,5
7,11,6
8,11,7
9,11,7
10,11,8
11,11,9
12,11,9
13,11,9
14,11,9
15,11,9
16,11,9
17,11,9
18,11,9
19,11,9
20,11,9
21,11,9
22,11,9
23,11,9
24,11,9
25,11,9
26,11,9
27,11,9
28,11,9
29,11,9
30,11,9
31,11,9
32,11,9
33,11,9
34,11,9
35,11,9
36,11,9
37,11,9
38,11,9
39,11,9
40,11,9
41,11,9
42,11,9
43,11,9
44,11,9
45,11,9
46,11,9
47,11,9
48,11,9
49,11,9
50,11,9
51,11,9
52,11,9
53,11,9
54,11,9
55,11,9
56,11,9
57,11,9
58,11,9
59,11,9
60,11,9
61,11,8
62,11,7
63,11,7
64,11,6
65,11,5
66,11,5
67,11,4
68,11,3
69,11,2
70,11,2
71,11,1
0,12,1
1,12,2
2,12,3
3,12,3
4,12,4
5,12,5
6,12,5
7,12,6
8,12,7
9,12,7
10,12,8
11,12,9
12,12,10
13,12,10
14,12,10
15,12,10
16,12,10
17,12,10
18,12,10
19,12,10
20,12,10
21,12,10
22,12,10
23,12,10
24,12,10
25,12,10
26,12,10
27,12,10
28,12,10
29,12,10
30,12,10
31,12,10
32,12,10
33,12,10
34,12,10
35,12,10
36,12,10
37,12,10
38,12,10
39,12,10
40,12,10
41,12,10
42,12,10
43,12,10
44,12,10
45,12,10
46,12,10
47,12,10
48,12,10
49,12,10
50,12,10
51,12,10
52,12,10
53,12,10
54,12,10
55,12,10
56,12,10
57,12,10
58,12,10
59,12,9
60,12,9
61,12,8
62,12,7
63,12,7
64,12,6
65,12,5
66,12,5
67,12,4
68,12,3
69,12,2
70,12,2
71,12,1
0,13,1
1,13,2
2,13,3
3,13,3
4,13,4
5,13,5
6,13,5
7,13,6
8,13,7
9,13,7
10,13,8
11,13,9
12,13,10
13,13,10
14,13,10
15,13,10
16,13,10
17,13,10
18,13,10
19,13,10
20,13,10
21,13,10
22,13,10
23,13,10
24,13,10
25,13,10
26,13,10
27,13,10
28,13,10
29,13,10
30,13,10
31,13,10
32,13,10
33,13,10
34,13,10
35,13,10
36,13,10
37,13,10
38,13,10
39,13,10
40,13,10
41,13,10
42,13,10
43,13,10
44,13,10
45,13,10
46,13,10
47,13,10
48,13,10
49,13,10
50,13,10
51,13,10
52,13,10
53,13,10
54,13,10
55,13,10
56,13,10
57,13,10
58,13,10
59,13,9
60,13,9
61,13,8
62,13,7
63,13,7
64,13,6
65,13,5
66,13,5
67,13,4
68,13,3
69,13,2
70,13,2
71,13,1
0,14,1
1,14,2
2,14,3
3,14,3
4,14,4
5,14,5
6,14,5
7,14,6
8,14,7
9,14,7
10,14,8
11,14,9
12,14,10
13,14,10
14,14,11
15,14,11
16,14,11
17,14,11
18,14,11
19,14,11
20,14,11
21,14,11
22,14,11
23,14,11
24,14,11
25,14,11
26,14,11
27,14,11
28,14,11
29,14,11
30,14,11
31,14,11
32,14,11
33,14,11
34,14,11
35,14,11
36,14,11
37,14,11
38,14,11
39,14,11
40,14,11
41,14,11
42,14,11
43,14,11
44,14,11
45,14,11
46,14,11
47,14,11
48,14,11
49,14,11
50,14,11
51,14,11
52,14,11
53,14,11
54,14,11
55,14,11
56,14,11
57,14,11
58,14,10
59,14,9
60,14,9
61,14,8
62,14,7
63,14,7
64,14,6
65,14,5
66,14,5
67,14,4
68,14,3
69,14,2
70,14,2
71,14,1
0,15,1
1,15,2
2,15,3
3,15,3
4,15,4
5,15,5
6,15,5
7,15,6
8,15,7
9,15,7
10,15,8
11,15,9
12,15,10
13,15,10
14,15,11
15,15,12
16,15,12
17,15,12
18,15,12
19,15,12
20,15,12
21,15,12
22,15,12
23,15,12
24,15,12
25,15,12
26,15,12
27,15,12
28,15,12
29,15,12
30,15,12
31,15,12
32,15,12
33,15,12
34,15,12
35,15,12
36,15,12
37,15,12
38,15,12
39,15,12
40,15,12
41,15,12
42,15,12
43,15,12
44,15,12
45,15,12
46,15,12
47,15,12
48,15,12
49,15,12
50,15,12
51,15,12
52,15,12
53,15,12
54,15,12
55,15,12
56,15,12
57,15,11
58,15,10
59,15,9
60,15,9
61,15,8
62,15,7
63,15,7
64,15,6
65,15,5
66,15,5
67,15,4
68,15,3
69,15,2
70,15,2
71,15,1
0,16,1
1,16,2
2,16,3
3,16,3
4,16,4
5,16,5
6,16,5
7,16,6
8,16,7
9,16,7
10,16,8
11,16,9
12,16,10
13,16,10
14,16,11
15,16,12
16,16,12
17,16,12
18,16,12
19,16,12
20,16,12
21,16,12
22,16,12
23,16,12
24,16,12
25,16,12
26,16,12
27,16,12
28,16,12
29,16,12
30,16,12
31,16,12
32,16,12
33,16,12
34,16,12
35,16,12
36,16,12
37,16,12
38,16,12
39,16,12
40,16,12
41,16,12
42,16,12
43,16,12
44,16,12
45,16,12
46,16,12
47,16,12
48,16,12
49,16,12
50,16,12
51,16,12
52,16,12
53,16,12
54,16,12
55,16,12
56,16,12
57,16,11
58,16,10
59,16,9
60,16,9
61,16,8
62,16,7
63,16,7
64,16,6
65,16,5
66,16,5
67,16,4
68,16,3
69,16,2
70,16,2
71,16,1
0,17,1
1,17,2
2,17,3
3,17,3
4,17,4
5,17,5
6,17,5
7,17,6
8,17,7
9,17,7
10,17,8
11,17,9
12,17,10
13,17,10
14,17,11
15,17,12
16,17,12
17,17,13
18,17,13
19,17,13
20,17,13
21,17,13
22,17,13
23,17,13
24,17,13
25,17,13
26,17,13
27,17,13
28,17,13
29,17,13
30,17,13
31,17,13
32,17,13
33,17,13
34,17,13
35,17,13
36,17,13
37,17,13
38,17,13
39,17,13
40,17,13
41,17,13
42,17,13
43,17,13
44,17,13
45,17,13
46,17,13
47,17,13
48,17,13
49,17,13
50,17,13
51,17,13
52,17,13
53,17,13
54,17,13
55,17,12
56,17,12
57,17,11
58,17,10
59,17,9
60,17,9
61,17,8
62,17,7
63,17,7
64,17,6
65,17,5
66,17,5
67,17,4
68,17,3
69,17,2
70,17,2
71,17,1
0,18,1
1,18,2
2,18,3
3,18,3
4,18,4
5,18,5
6,18,5
7,18,6
8,18,7
9,18,7
10,18,8
11,18,9
12,18,10
13,18,10
14,18,11
15,18,12
16,18,12
17,18,13
18,18,14
19,18,14
20,18,14
21,18,14
22,18,14
23,18,14
24,18,14
25,18,14
26,18,14
27,18,14
28,18,14
29,18,14
30,18,14
31,18,14
32,18,14
33,18,14
34,18,14
35,18,14
36,18,14
37,18,14
38,18,14
39,18,14
40,18,14
41,18,14
42,18,14
43,18,14
44,18,14
45,18,14
46,18,14
47,18,14
48,18,14
49,18,14
50,18,14
51,18,14
52,18,14
53,18,14
54,18,13
55,18,12
56,18,12
57,18,11
58,18,10
59,18,9
60,18,9
61,18,8
62,18,7
63,18,7
64,18,6
65,18,5
66,18,5
67,18,4
68,18,3
69,18,2
70,18,2
71,18,1
0,19,1
1,19,2
2,19,3
3,19,3
4,19,4
5,19,5
6,19,5
7,19,6
8,19,7
9,19,7
10,19,8
11,19,9
12,19,10
13,19,10
14,19,11
15,19,12
16,19,12
17,19,13
18,19,14
19,19,14
20,19,14
21,19,14
22,19,14
23,19,14
24,19,14
25,19,14
26,19,14
27,19,14
28,19,14
29,19,14
30,19,14
31,19,14
32,19,14
33,19,14
34,19,14
35,19,14
36,19,14
37,19,14
38,19,14
39,19,14
40,19,14
41,19,14
42,19,14
43,19,14
44,19,14
45,19,14
46,19,14
47,19,14
48,19,14
49,19,14
50,19,14
51,19,14
52,19,14
53,19,14
54,19,13
55,19,12
56,19,12
57,19,11
58,19,10
59,19,9
60,19,9
61,19,8
62,19,7
63,19,7
64,19,6
65,19,5
66,19,5
67,19,4
68,19,3
69,19,2
70,19,2
71,19,1
0,20,1
1,20,2
2,20,3
3,20,3
4,20,4
5,20,5
6,20,5
7,20,6
8,20,7
9,20,7
10,20,8
11,20,9
12,20,10
13,20,10
14,20,11
15,20,12
16,20,12
17,20,13
18,20,14
19,20,14
20,20,15
21,20,15
22,20,15
23,20,15
24,20,15
25,20,15
26,20,15
27,20,15
28,20,15
29,20,15
30,20,15
31,20,15
32,20,15
33,20,15
34,20,15
35,20,15
36,20,15
37,20,15
38,20,15
39,20,15
40,20,15
41,20,15
42,20,15
43,20,15
44,20,15
45,20,15
46,20,15
47,20,15
48,20,15
49,20,15
50,20,15
51,20,15
52,20,14
53,20,14
54,20,13
55,20,12
56,20,12
57,20,11
58,20,10
59,20,9
60,20,9
61,20,8
62,20,7
63,20,7
64,20,6
65,20,5
66,20,5
67,20,4
68,20,3
69,20,2
70,20,2
71,20,1
0,21,1
1,21,2
2,21,3
3,21,3
4,21,4
5,21,5
6,21,5
7,21,6
8,21,7
9,21,7
10,21,8
11,21,9
12,21,10
13,21,10
14,21,11
15,21,12
16,21,12
17,21,13
18,21,14
19,21,14
20,21,15
21,21,16
22,21,16
23,21,16
24,21,16
25,21,16
26,21,16
27,21,16
28,21,16
29,21,16
30,21,16
31,21,16
32,21,16
33,21,16
34,21,16
35,21,16
36,21,16
37,21,16
38,21,16
39,21,16
40,21,16
41,21,16
42,21,16
43,21,16
44,21,16
45,21,16
46,21,16
47,21,16
48,21,16
49,21,16
50,21,16
51,21,15
52,21,14
53,21,14
54,21,13
55,21,12
56,21,12
57,21,11
58,21,10
59,21,9
60,21,9
61,21,8
62,21,7
63,21,7
64,21,6
65,21,5
66,21,5
67,21,4
68,21,3
69,21,2
70,21,2
71,21,1
0,22,1
1,22,2
2,22,3
3,22,3
4,22,4
5,22,5
6,22,5
7,22,6
8,22,7
9,22,7
10,22,8
11,22,9
12,22,10
13,22,10
14,22,11
15,22,12
16,22,12
17,22,13
18,22,14
19,22,14
20,22,15
21,22,16
22,22,16
23,22,16
24,22,16
25,22,16
26,22,16
27,22,16
28,22,16
29,22,16
30,22,16
31,22,16
32,22,16
33,22,16
34,22,16
35,22,16
36,22,16
37,22,16
38,22,16
39,22,16
40,22,16
41,22,16
42,22,16
43,22,16
44,22,16
45,22,16
46,22,16
47,22,16
48,22,16
49,22,16
50,22,16
51,22,15
52,22,14
53,22,14
54,22,13
55,22,12
56,22,12
57,22,11
58,22,10
59,22,9
60,22,9
61,22,8
62,22,7
63,22,7
64,22,6
65,22,5
66,22,5
67,22,4
68,22,3
69,22,2
70,22,2
71,22,1
0,23,1
1,23,2
2,23,3
3,23,3
4,23,4
5,23,5
6,23,5
7,23,6
8,23,7
9,23,7
10,23,8
11,23,9
12,23,10
13,23,10
14,23,11
15,23,12
16,23,12
17,23,13
18,23,14
19,23,14
20,23,15
21,23,16
22,23,16
23,23,17
24,23,17
25,23,17
26,23,17
27,23,17
28,23,17
29,23,17
30,23,17
31,23,17
32,23,17
33,23,17
34,23,17
35,23,17
36,23,17
37,23,17
38,23,17
39,23,17
40,23,17
41,23,17
42,23,17
43,23,17
44,23,17
45,23,17
46,23,17
47,23,17
48,23,17
49,23,16
50,23,16
51,23,15
52,23,14
53,23,14
54,23,13
55,23,12
56,23,12
57,23,11
58,23,10
59,23,9
60,23,9
61,23,8
62,23,7
63,23,7
64,23,6
65,23,5
66,23,5
67,23,4
68,23,3
69,23,2
70,23,2
71,23,1
0,24,1
1,24,2
2,24,3
3,24,3
4,24,4
5,24,5
6,24,5
7,24,6
8,24,7
9,24,7
10,24,8
11,24,9
12,24,10
13,24,10
14,24,11
15,24,12
16,24,12
17,24,13
18,24,14
19,24,14
20,24,15
21,24,16
22,24,16
23,24,17
24,24,18
25,24,18
26,24,18
27,24,18
28,24,18
29,24,18
30,24,18
31,24,18
32,24,18
33,24,18
34,24,18
35,24,18
36,24,18
37,24,18
38,24,18
39,24,18
40,24,18
41,24,18
42,24,18
43,24,18
44,24,18
45,24,18
46,24,18
47,24,18
48,24,17
49,24,16
50,24,16
51,24,15
52,24,14
53,24,14
54,24,13
55,24,12
56,24,12
57,24,11
58,24,10
59,24,9
60,24,9
61,24,8
62,24,7
63,24,7
64,24,6
65,24,5
66,24,5
67,24,4
68,24,3
69,24,2
70,24,2
71,24,1
0,25,1
1,25,2
2,25,3
3,25,3
4,25,4
5,25,5
6,25,5
7,25,6
8,25,7
9,25,7
10,25,8
11,25,9
12,25,10
13,25,10
14,25,11
15,25,12
16,25,12
17,25,13
18,25,14
19,25,14
20,25,15
21,25,16
22,25,16
23,25,17
24,25,18
25,25,19
26,25,19
27,25,19
28,25,19
29,25,19
30,25,19
31,25,19
32,25,19
33,25,19
34,25,19
35,25,19
36,25,19
37,25,19
38,25,19
39,25,19
40,25,19
41,25,19
42,25,19
43,25,19
44,25,19
45,25,19
46,25,19
47,25,18
48,25,17
49,25,16
50,25,16
51,25,15
52,25,14
53,25,14
54,25,13
55,25,12
56,25,12
57,25,11
58,25,10
59,25,9
60,25,9
61,25,8
62,25,7
63,25,7
64,25,6
65,25,5
66,25,5
67,25,4
68,25,3
69,25,2
70,25,2
71,25,1
0,26,1
1,26,2
2,26,3
3,26,3
4,26,4
5,26,5
6,26,5
7,26,6
8,26,7
9,26,7
10,26,8
11,26,9
12,26,10
13,26,10
14,26,11
15,26,12
16,26,12
17,26,13
18,26,14
19,26,14
20,26,15
21,26,16
22,26,16
23,26,17
24,26,18
25,26,19
26,26,19
27,26,19
28,26,19
29,26,19
30,26,19
31,26,19
32,26,19
33,26,19
34,26,19
35,26,19
36,26,19
37,26,19
38,26,19
39,26,19
40,26,19
41,26,19
42,26,19
43,26,19
44,26,19
45,26,19
46,26,19
47,26,18
48,26,17
49,26,16
50,26,16
51,26,15
52,26,14
53,26,14
54,26,13
55,26,12
56,26,12
57,26,11
58,26,10
59,26,9
60,26,9
61,26,8
62,26,7
63,26,7
64,26,6
65,26,5
66,26,5
67,26,4
68,26,3
69,26,2
70,26,2
71,26,1
0,27,1
1,27,2
2,27,3
3,27,3
4,27,4
5,27,5
6,27,5
7,27,6
8,27,7
9,27,7
10,27,8
11,27,9
12,27,10
13,27,10
14,27,11
15,27,12
16,27,12
17,27,13
18,27,14
19,27,14
20,27,15
21,27,16
22,27,16
23,27,17
24,27,18
25,27,19
26,27,19
27,27,20
28,27,20
29,27,20
30,27,20
31,27,20
32,27,20
33,27,20
34,27,20
35,27,20
36,27,20
37,27,20
38,27,20
39,27,20
40,27,20
41,27,20
42,27,20
43,27,20
44,27,20
45,27,19
46,27,19
47,27,18
48,27,17
49,27,16
50,27,16
51,27,15
52,27,14
53,27,14
54,27,13
55,27,12
56,27,12
57,27,11
58,27,10
59,27,9
60,27,9
61,27,8
62,27,7
63,27,7
64,27,6
65,27,5
66,27,5
67,27,4
68,27,3
69,27,2
70,27,2
71,27,1
0,28,1
1,28,2
2,28,3
3,28,3
4,28,4
5,28,5
6,28,5
7,28,6
8,28,7
9,28,7
10,28,8
11,28,9
12,28,10
13,28,10
14,28,11
15,28,12
16,28,12
17,28,13
18,28,14
19,28,14
20,28,15
21,28,16
22,28,16
23,28,17
24,28,18
25,28,19
26,28,19
27,28,20
28,28,21
29,28,21
30,28,21
31,28,21
32,28,21
33,28,21
34,28,21
35,28,21
36,28,21
37,28,21
38,28,21
39,28,21
40,28,21
41,28,21
42,28,21
43,28,21
44,28,20
45,28,19
46,28,19
47,28,18
48,28,17
49,28,16
50,28,16
51,28,15
52,28,14
53,28,14
54,28,13
55,28,12
56,28,12
57,28,11
58,28,10
59,28,9
60,28,9
61,28,8
62,28,7
63,28,7
64,28,6
65,28,5
66,28,5
67,28,4
68,28,3
69,28,2
70,28,2
71,28,1
0,29,1
1,29,2
2,29,3
3,29,3
4,29,4
5,29,5
6,29,5
7,29,6
8,29,7
9,29,7
10,29,8
11,29,9
12,29,10
13,29,10
14,29,11
15,29,12
16,29,12
17,29,13
18,29,14
19,29,14
20,29,15
21,29,16
22,29,16
23,29,17
24,29,18
25,29,19
26,29,19
27,29,20
28,29,21
29,29,21
30,29,21
31,29,21
32,29,21
33,29,21
34,29,21
35,29,21
36,29,21
37,29,21
38,29,21
39,29,21
40,29,21
41,29,21
42,29,21
43,29,21
44,29,20
45,29,19
46,29,19
47,29,18
48,29,17
49,29,16
50,29,16
51,29,15
52,29,14
53,29,14
54,29,13
55,29,12
56,29,12
57,29,11
58,29,10
59,29,9
60,29,9
61,29,8
62,29,7
63,29,7
64,29,6
65,29,5
66,29,5
67,29,4
68,29,3
69,29,2
70,29,2
71,29,1
0,30,1
1,30,2
2,30,3
3,30,3
4,30,4
5,30,5
6,30,5
7,30,6
8,30,7
9,30,7
10,30,8
11,30,9
12,30,10
13,30,10
14,30,11
15,30,12
16,30,12
17,30,13
18,30,14
19,30,14
20,30,15
21,30,16
22,30,16
23,30,17
24,30,18
25,30,19
26,30,19
27,30,20
28,30,21
29,30,21
30,30,22
31,30,22
32,30,22
33,30,22
34,30,22
35,30,22
36,30,22
37,30,22
38,30,22
39,30,22
40,30,22
41,30,22
42,30,21
43,30,21
44,30,20
45,30,19
46,30,19
47,30,18
48,30,17
49,30,16
50,30,16
51,30,15
52,30,14
53,30,14
54,30,13
55,30,12
56,30,12
57,30,11
58,30,10
59,30,9
60,30,9
61,30,8
62,30,7
63,30,7
64,30,6
65,30,5
66,30,5
67,30,4
68,30,3
69,30,2
70,30,2
71,30,1
0,31,1
1,31,2
2,31,3
3,31,3
4,31,4
5,31,5
6,31,5
7,31,6
8,31,7
9,31,7
10,31,8
11,31,9
12,31,10
13,31,10
14,31,11
15,31,12
16,31,12
17,31,13
18,31,14
19,31,14
20,31,15
21,31,16
22,31,16
23,31,17
24,31,18
25,31,19
26,31,19
27,31,20
28,31,21
29,31,21
30,31,22
31,31,23
32,31,23
33,31,23
34,31,23
35,31,23
36,31,23
37,31,23
38,31,23
39,31,23
40,31,23
41,31,22
42,31,21
43,31,21
44,31,20
45,31,19
46,31,19
47,31,18
48,31,17
49,31,16
50,31,16
51,31,15
52,31,14
53,31,14
54,31,13
55,31,12
56,31,12
57,31,11
58,31,10
59,31,9
60,31,9
61,31,8
62,31,7
63,31,7
64,31,6
65,31,5
66,31,5
67,31,4
68,31,3
69,31,2
70,31,2
71,31,1
0,32,1
1,32,2
2,32,3
3,32,3
4,32,4
5,32,5
6,32,5
7,32,6
8,32,7
9,32,7
10,32,8
11,32,9
12,32,10
13,32,10
14,32,11
15,32,12
16,32,12
17,32,13
18,32,14
19,32,14
20,32,15
21,32,16
22,32,16
23,32,17
24,32,18
25,32,19
26,32,19
27,32,20
28,32,21
29,32,21
30,32,22
31,32,23
32,32,23
33,32,23
34,32,23
35,32,23
36,32,23
37,32,23
38,32,23
39,32,23
40,32,23
41,32,22
42,32,21
43,32,21
44,32,20
45,32,19
46,32,19
47,32,18
48,32,17
49,32,16
50,32,16
51,32,15
52,32,14
53,32,14
54,32,13
55,32,12
56,32,12
57,32,11
58,32,10
59,32,9
60,32,9
61,32,8
62,32,7
63,32,7
64,32,6
65,32,5
66,32,5
67,32,4
68,32,3
69,32,2
70,32,2
71,32,1
0,33,1
1,33,2
2,33,3
3,33,3
4,33,4
5,33,5
6,33,5
7,33,6
8,33,7
9,33,7
10,33,8
11,33,9
12,33,10
13,33,10
14,33,11
15,33,12
16,33,12
17,33,13
18,33,14
19,33,14
20,33,15
21,33,16
22,33,16
23,33,17
24,33,18
25,33,19
26,33,19
27,33,20
28,33,21
29,33,21
30,33,22
31,33,23
32,33,23
33,33,24
34,33,24
35,33,24
36,33,24
37,33,24
38,33,24
39,33,23
40,33,23
41,33,22
42,33,21
43,33,21
44,33,20
45,33,19
46,33,19
47,33,18
48,33,17
49,33,16
50,33,16
51,33,15
52,33,14
53,33,14
54,33,13
55,33,12
56,33,12
57,33,11
58,33,10
59,33,9
60,33,9
61,33,8
62,33,7
63,33,7
64,33,6
65,33,5
66,33,5
67,33,4
68,33,3
69,33,2
70,33,2
71,33,1
0,34,1
1,34,2
2,34,3
3,34,3
4,34,4
5,34,5
6,34,5
7,34,6
8,34,7
9,34,7
10,34,8
11,34,9
12,34,10
13,34,10
14,34,11
15,34,12
16,34,12
17,34,13
18,34,14
19,34,14
20,34,15
21,34,16
22,34,16
23,34,17
24,34,18
25,34,19
26,34,19
27,34,20
28,34,21
29,34,21
30,34,22
31,34,23
32,34,23
33,34,24
34,34,25
35,34,25
36,34,25
37,34,25
38,34,24
39,34,23
40,34,23
41,34,22
42,34,21
43,34,21
44,34,20
45,34,19
46,34,19
47,34,18
48,34,17
49,34,16
50,34,16
51,34,15
52,34,14
53,34,14
54,34,13
55,34,12
56,34,12
57,34,11
58,34,10
59,34,9
60,34,9
61,34,8
62,34,7
63,34,7
64,34,6
65,34,5
66,34,5
67,34,4
68,34,3
69,34,2
70,34,2
71,34,1
0,35,1
1,35,2
2,35,3
3,35,3
4,35,4
5,35,5
6,35,5
7,35,6
8,35,7
9,35,7
10,35,8
11,35,9
12,35,10
13,35,10
14,35,11
15,35,12
16,35,12
17,35,13
18,35,14
19,35,14
20,35,15
21,35,16
22,35,16
23,35,17
24,35,18
25,35,19
26,35,19
27,35,20
28,35,21
29,35,21
30,35,22
31,35,23
32,35,23
33,35,24
34,35,25
35,35,25
36,35,25
37,35,25
38,35,24
39,35,23
40,35,23
41,35,22
42,35,21
43,35,21
44,35,20
45,35,19
46,35,19
47,35,18
48,35,17
49,35,16
50,35,16
51,35,15
52,35,14
53,35,14
54,35,13
55,35,12
56,35,12
57,35,11
58,35,10
59,35,9
60,35,9
61,35,8
62,35,7
63,35,7
64,35,6
65,35,5
66,35,5
67,35,4
68,35,3
69,35,2
70,35,2
71,35,1
0,36,1
1,36,2
2,36,3
3,36,3
4,36,4
5,36,5
6,36,5
7,36,6
8,36,7
9,36,7
10,36,8
11,36,9
12,36,10
13,36,10
14,36,11
15,36,12
16,36,12
17,36,13
18,36,14
19,36,14
20,36,15
21,36,16
22,36,16
23,36,17
24,36,18
25,36,19
26,36,19
27,36,20
28,36,21
29,36,21
30,36,22
31,36,23
32,36,23
33,36,24
34,36,25
35,36,25
36,36,25
37,36,25
38,36,24
39,36,23
40,36,23
41,36,22
42,36,21
43,36,21
44,36,20
45,36,19
46,36,19
47,36,18
48,36,17
49,36,16
50,36,16
51,36,15
52,36,14
53,36,14
54,36,13
55,36,12
56,36,12
57,36,11
58,36,10
59,36,9
60,36,9
61,36,8
62,36,7
63,36,7
64,36,6
65,36,5
66,36,5
67,36,4
68,36,3
69,36,2
70,36,2
71,36,1
0,37,1
1,37,2
2,37,3
3,37,3
4,37,4
5,37,5
6,37,5
7,37,6
8,37,7
9,37,7
10,37,8
11,37,9
12,37,10
13,37,10
14,37,11
15,37,12
16,37,12
17,37,13
18,37,14
19,37,14
20,37,15
21,37,16
22,37,16
23,37,17
24,37,18
25,37,19
26,37,19
27,37,20
28,37,21
29,37,21
30,37,22
31,37,23
32,37,23
33,37,24
34,37,25
35,37,25
36,37,25
37,37,25
38,37,24
39,37,23
40,37,23
41,37,22
42,37,21
43,37,21
44,37,20
45,37,19
46,37,19
47,37,18
48,37,17
49,37,16
50,37,16
51,37,15
52,37,14
53,37,14
54,37,13
55,37,12
56,37,12
57,37,11
58,37,10
59,37,9
60,37,9
61,37,8
62,37,7
63,37,7
64,37,6
65,37,5
66,37,5
67,37,4
68,37,3
69,37,2
70,37,2
71,37,1
0,38,1
1,38,2
2,38,3
3,38,3
4,38,4
5,38,5
6,38,5
7,38,6
8,38,7
9,38,7
10,38,8
11,38,9
12,38,10
13,38,10
14,38,11
15,38,12
16,38,12
17,38,13
18,38,14
19,38,14
20,38,15
21,38,16
22,38,16
23,38,17
24,38,18
25,38,19
26,38,19
27,38,20
28,38,21
29,38,21
30,38,22
31,38,23
32,38,23
33,38,24
34,38,24
35,38,24
36,38,24
37,38,24
38,38,24
39,38,23
40,38,23
41,38,22
42,38,21
43,38,21
44,38,20
45,38,19
46,38,19
47,38,18
48,38,17
49,38,16
50,38,16
51,38,15
52,38,14
53,38,14
54,38,13
55,38,12
56,38,12
57,38,11
58,38,10
59,38,9
60,38,9
61,38,8
62,38,7
63,38,7
64,38,6
65,38,5
66,38,5
67,38,4
68,38,3
69,38,2
70,38,2
71,38,1
0,39,1
1,39,2
2,39,3
3,39,3
4,39,4
5,39,5
6,39,5
7,39,6
8,39,7
9,39,7
10,39,8
11,39,9
12,39,10
13,39,10
14,39,11
15,39,12
16,39,12
17,39,13
18,39,14
19,39,14
20,39,15
21,39,16
22,39,16
23,39,17
24,39,18
25,39,19
26,39,19
27,39,20
28,39,21
29,39,21
30,39,22
31,39,23
32,39,23
33,39,23
34,39,23
35,39,23
36,39,23
37,39,23
38,39,23
39,39,23
40,39,23
41,39,22
42,39,21
43,39,21
44,39,20
45,39,19
46,39,19
47,39,18
48,39,17
49,39,16
50,39,16
51,39,15
52,39,14
53,39,14
54,39,13
55,39,12
56,39,12
57,39,11
58,39,10
59,39,9
60,39,9
61,39,8
62,39,7
63,39,7
64,39,6
65,39,5
66,39,5
67,39,4
68,39,3
69,39,2
70,39,2
71,39,1
0,40,1
1,40,2
2,40,3
3,40,3
4,40,4
5,40,5
6,40,5
7,40,6
8,40,7
9,40,7
10,40,8
11,40,9
12,40,10
13,40,10
14,40,11
15,40,12
16,40,12
17,40,13
18,40,14
19,40,14
20,40,15
21,40,16
22,40,16
23,40,17
24,40,18
25,40,19
26,40,19
27,40,20
28,40,21
29,40,21
30,40,22
31,40,23
32,40,23
33,40,23
34,40,23
35,40,23
36,40,23
37,40,23
38,40,23
39,40,23
40,40,23
41,40,22
42,40,21
43,40,21
44,40,20
45,40,19
46,40,19
47,40,18
48,40,17
49,40,16
50,40,16
51,40,15
52,40,14
53,40,14
54,40,13
55,40,12
56,40,12
57,40,11
58,40,10
59,40,9
60,40,9
61,40,8
62,40,7
63,40,7
64,40,6
65,40,5
66,40,5
67,40,4
68,40,3
69,40,2
70,40,2
71,40,1
0,41,1
1,41,2
2,41,3
3,41,3
4,41,4
5,41,5
6,41,5
7,41,6
8,41,7
9,41,7
10,41,8
11,41,9
12,41,10
13,41,10
14,41,11
15,41,12
16,41,12
17,41,13
18,41,14
19,41,14
20,41,15
21,41,16
22,41,16
23,41,17
24,41,18
25,41,19
26,41,19
27,41,20
28,41,21
29,41,21
30,41,22
31,41,22
32,41,22
33,41,22
34,41,22
35,41,22
36,41,22
37,41,22
38,41,22
39,41,22
40,41,22
41,41,22
42,41,21
43,41,21
44,41,20
45,41,19
46,41,19
47,41,18
48,41,17
49,41,16
50,41,16
51,41,15
52,41,14
53,41,14
54,41,13
55,41,12
56,41,12
57,41,11
58,41,10
59,41,9
60,41,9
61,41,8
62,41,7
63,41,7
64,41,6
65,41,5
66,41,5
67,41,4
68,41,3
69,41,2
70,41,2
71,41,1
0,42,1
1,42,2
2,42,3
3,42,3
4,42,4
5,42,5
6,42,5
7,42,6
8,42,7
9,42,7
10,42,8
11,42,9
12,42,10
13,42,10
14,42,11
15,42,12
16,42,12
17,42,13
18,42,14
19,42,14
20,42,15
21,42,16
22,42,16
23,42,17
24,42,18
25,42,19
26,42,19
27,42,20
28,42,21
29,42,21
30,42,21
31,42,21
32,42,21
33,42,21
34,42,21
35,42,21
36,42,21
37,42,21
38,42,21
39,42,21
40,42,21
41,42,21
42,42,21
43,42,21
44,42,20
45,42,19
46,42,19
47,42,18
48,42,17
49,42,16
50,42,16
51,42,15
52,42,14
53,42,14
54,42,13
55,42,12
56,42,12
57,42,11
58,42,10
59,42,9
60,42,9
61,42,8
62,42,7
63,42,7
64,42,6
65,42,5
66,42,5
67,42,4
68,42,3
69,42,2
70,42,2
71,42,1
0,43,1
1,43,2
2,43,3
3,43,3
4,43,4
5,43,5
6,43,5
7,43,6
8,43,7
9,43,7
10,43,8
11,43,9
12,43,10
13,43,10
14,43,11
15,43,12
16,43,12
17,43,13
18,43,14
19,43,14
20,43,15
21,43,16
22,43,16
23,43,17
24,43,18
25,43,19
26,43,19
27,43,20
28,43,21
29,43,21
30,43,21
31,43,21
32,43,21
33,43,21
34,43,21
35,43,21
36,43,21
37,43,21
38,43,21
39,43,21
40,43,21
41,43,21
42,43,21
43,43,21
44,43,20
45,43,19
46,43,19
47,43,18
48,43,17
49,43,16
50,43,16
51,43,15
52,43,14
53,43,14
54,43,13
55,43,12
56,43,12
57,43,11
58,43,10
59,43,9
60,43,9
61,43,8
62,43,7
63,43,7
64,43,6
65,43,5
66,43,5
67,43,4
68,43,3
69,43,2
70,43,2
71,43,1
0,44,1
1,44,2
2,44,3
3,44,3
4,44,4
5,44,5
6,44,5
7,44,6
8,44,7
9,44,7
10,44,8
11,44,9
12,44,10
13,44,10
14,44,11
15,44,12
16,44,12
17,44,13
18,44,14
19,44,14
20,44,15
21,44,16
22,44,16
23,44,17
24,44,18
25,44,19
26,44,19
27,44,20
28,44,20
29,44,20
30,44,20
31,44,20
32,44,20
33,44,20
34,44,20
35,44,20
36,44,20
37,44,20
38,44,20
39,44,20
40,44,20
41,44,20
42,44,20
43,44,20
44,44,20
45,44,19
46,44,19
47,44,18
48,44,17
49,44,16
50,44,16
51,44,15
52,44,14
53,44,14
54,44,13
55,44,12
56,44,12
57,44,11
58,44,10
59,44,9
60,44,9
61,44,8
62,44,7
63,44,7
64,44,6
65,44,5
66,44,5
67,44,4
68,44,3
69,44,2
70,44,2
71,44,1
0,45,1
1,45,2
2,45,3
3,45,3
4,45,4
5,45,5
6,45,5
7,45,6
8,45,7
9,45,7
10,45,8
11,45,9
12,45,10
13,45,10
14,45,11
15,45,12
16,45,12
17,45,13
18,45,14
19,45,14
20,45,15
21,45,16
22,45,16
23,45,17
24,45,18
25,45,19
26,45,19
27,45,19
28,45,19
29,45,19
30,45,19
31,45,19
32,45,19
33,45,19
34,45,19
35,45,19
36,45,19
37,45,19
38,45,19
39,45,19
40,45,19
41,45,19
42,45,19
43,45,19
44,45,19
45,45,19
46,45,19
47,45,18
48,45,17
49,45,16
50,45,16
51,45,15
52,45,14
53,45,14
54,45,13
55,45,12
56,45,12
57,45,11
58,45,10
59,45,9
60,45,9
61,45,8
62,45,7
63,45,7
64,45,6
65,45,5
66,45,5
67,45,4
68,45,3
69,45,2
70,45,2
71,45,1
0,46,1
1,46,2
2,46,3
3,46,3
4,46,4
5,46,5
6,46,5
7,46,6
8,46,7
9,46,7
10,46,8
11,46,9
12,46,10
13,46,10
14,46,11
15,46,12
16,46,12
17,46,13
18,46,14
19,46,14
20,46,15
21,46,16
22,46,16
23,46,17
24,46,18
25,46,19
26,46,19
27,46,19
28,46,19
29,46,19
30,46,19
31,46,19
32,46,19
33,46,19
34,46,19
35,46,19
36,46,19
37,46,19
38,46,19
39,46,19
40,46,19
41,46,19
42,46,19
43,46,19
44,46,19
45,46,19
46,46,19
47,46,18
48,46,17
49,46,16
50,46,16
51,46,15
52,46,14
53,46,14
54,46,13
55,46,12
56,46,12
57,46,11
58,46,10
59,46,9
60,46,9
61,46,8
62,46,7
63,46,7
64,46,6
65,46,5
66,46,5
67,46,4
68,46,3
69,46,2
70,46,2
71,46,1
0,47,1
1,47,2
2,47,3
3,47,3
4,47,4
5,47,5
6,47,5
7,47,6
8,47,7
9,47,7
10,47,8
11,47,9
12,47,10
13,47,10
14,47,11
15,47,12
16,47,12
17,47,13
18,47,14
19,47,14
20,47,15
21,47,16
22,47,16
23,47,17
24,47,18
25,47,18
26,47,18
27,47,18
28,47,18
29,47,18
30,47,18
31,47,18
32,47,18
33,47,18
34,47,18
35,47,18
36,47,18
37,47,18
38,47,18
39,47,18
40,47,18
41,47,18
42,47,18
43,47,18
44,47,18
45,47,18
46,47,18
47,47,18
48,47,17
49,47,16
50,47,16
51,47,15
52,47,14
53,47,14
54,47,13
55,47,12
56,47,12
57,47,11
58,47,10
59,47,9
60,47,9
61,47,8
62,47,7
63,47,7
64,47,6
65,47,5
66,47,5
67,47,4
68,47,3
69,47,2
70,47,2
71,47,1
0,48,1
1,48,2
2,48,3
3,48,3
4,48,4
5,48,5
6,48,5
7,48,6
8,48,7
9,48,7
10,48,8
11,48,9
12,48,10
13,48,10
14,48,11
15,48,12
16,48,12
17,48,13
18,48,14
19,48,14
20,48,15
21,48,16
22,48,16
23,48,17
24,48,17
25,48,17
26,48,17
27,48,17
28,48,17
29,48,17
30,48,17
31,48,17
32,48,17
33,48,17
34,48,17
35,48,17
36,48,17
37,48,17
38,48,17
39,48,17
40,48,17
41,48,17
42,48,17
43,48,17
44,48,17
45,48,17
46,48,17
47,48,17
48,48,17
49,48,16
50,48,16
51,48,15
52,48,14
53,48,14
54,48,13
55,48,12
56,48,12
57,48,11
58,48,10
59,48,9
60,48,9
61,48,8
62,48,7
63,48,7
64,48,6
65,48,5
66,48,5
67,48,4
68,48,3
69,48,2
70,48,2
71,48,1
0,49,1
1,49,2
2,49,3
3,49,3
4,49,4
5,49,5
6,49,5
7,49,6
8,49,7
9,49,7
10,49,8
11,49,9
12,49,10
13,49,10
14,49,11
15,49,12
16,49,12
17,49,13
18,49,14
19,49,14
20,49,15
21,49,16
22,49,16
23,49,16
24,49,16
25,49,16
26,49,16
27,49,16
28,49,16
29,49,16
30,49,16
31,49,16
32,49,16
33,49,16
34,49,16
35,49,16
36,49,16
37,49,16
38,49,16
39,49,16
40,49,16
41,49,16
42,49,16
43,49,16
44,49,16
45,49,16
46,49,16
47,49,16
48,49,16
49,49,16
50,49,16
51,49,15
52,49,14
53,49,14
54,49,13
55,49,12
56,49,12
57,49,11
58,49,10
59,49,9
60,49,9
61,49,8
62,49,7
63,49,7
64,49,6
65,49,5
66,49,5
67,49,4
68,49,3
69,49,2
70,49,2
71,49,1
0,50,1
1,50,2
2,50,3
3,50,3
4,50,4
5,50,5
6,50,5
7,50,6
8,50,7
9,50,7
10,50,8
11,50,9
12,50,10
13,50,10
14,50,11
15,50,12
16,50,12
17,50,13
18,50,14
19,50,14
20,50,15
21,50,16
22,50,16
23,50,16
24,50,16
25,50,16
26,50,16
27,50,16
28,50,16
29,50,16
30,50,16
31,50,16
32,50,16
33,50,16
34,50,16
35,50,16
36,50,16
37,50,16
38,50,16
39,50,16
40,50,16
41,50,16
42,50,16
43,50,16
44,50,16
45,50,16
46,50,16
47,50,16
48,50,16
49,50,16
50,50,16
51,50,15
52,50,14
53,50,14
54,50,13
55,50,12
56,50,12
57,50,11
58,50,10
59,50,9
60,50,9
61,50,8
62,50,7
63,50,7
64,50,6
65,50,5
66,50,5
67,50,4
68,50,3
69,50,2
70,50,2
71,50,1
0,51,1
1,51,2
2,51,3
3,51,3
4,51,4
5,51,5
6,51,5
7,51,6
8,51,7
9,51,7
10,51,8
11,51,9
12,51,10
13,51,10
14,51,11
15,51,12
16,51,12
17,51,13
18,51,14
19,51,14
20,51,15
21,51,15
22,51,15
23,51,15
24,51,15
25,51,15
26,51,15
27,51,15
28,51,15
29,51,15
30,51,15
31,51,15
32,51,15
33,51,15
34,51,15
35,51,15
36,51,15
37,51,15
38,51,15
39,51,15
40,51,15
41,51,15
42,51,15
43,51,15
44,51,15
45,51,15
46,51,15
47,51,15
48,51,15
49,51,15
50,51,15
51,51,15
52,51,14
53,51,14
54,51,13
55,51,12
56,51,12
57,51,11
58,51,10
59,51,9
60,51,9
61,51,8
62,51,7
63,51,7
64,51,6
65,51,5
66,51,5
67,51,4
68,51,3
69,51,2
70,51,2
71,51,1
0,52,1
1,52,2
2,52,3
3,52,3
4,52,4
5,52,5
6,52,5
7,52,6
8,52,7
9,52,7
10,52,8
11,52,9
12,52,10
13,52,10
14,52,11
15,52,12
16,52,12
17,52,13
18,52,14
19,52,14
20,52,14
21,52,14
22,52,14
23,52,14
24,52,14
25,52,14
26,52,14
27,52,14
28,52,14
29,52,14
30,52,14
31,52,14
32,52,14
33,52,14
34,52,14
35,52,14
36,52,14
37,52,14
38,52,14
39,52,14
40,52,14
41,52,14
42,52,14
43,52,14
44,52,14
45,52,14
46,52,14
47,52,14
48,52,14
49,52,14
50,52,14
51,52,14
52,52,14
53,52,14
54,52,13
55,52,12
56,52,12
57,52,11
58,52,10
59,52,9
60,52,9
61,52,8
62,52,7
63,52,7
64,52,6
65,52,5
66,52,5
67,52,4
68,52,3
69,52,2
70,52,2
71,52,1
0,53,1
1,53,2
2,53,3
3,53,3
4,53,4
5,53,5
6,53,5
7,53,6
8,53,7
9,53,7
10,53,8
11,53,9
12,53,10
13,53,10
14,53,11
15,53,12
16,53,12
17,53,13
18,53,14
19,53,14
20,53,14
21,53,14
22,53,14
23,53,14
24,53,14
25,53,14
26,53,14
27,53,14
28,53,14
29,53,14
30,53,14
31,53,14
32,53,14
33,53,14
34,53,14
35,53,14
36,53,14
37,53,14
38,53,14
39,53,14
40,53,14
41,53,14
42,53,14
43,53,14
44,53,14
45,53,14
46,53,14
47,53,14
48,53,14
49,53,14
50,53,14
51,53,14
52,53,14
53,53,14
54,53,13
55,53,12
56,53,12
57,53,11
58,53,10
59,53,9
60,53,9
61,53,8
62,53,7
63,53,7
64,53,6
65,53,5
66,53,5
67,53,4
68,53,3
69,53,2
70,53,2
71,53,1
0,54,1
1,54,2
2,54,3
3,54,3
4,54,4
5,54,5
6,54,5
7,54,6
8,54,7
9,54,7
10,54,8
11,54,9
12,54,10
13,54,10
14,54,11
15,54,12
16,54,12
17,54,13
18,54,13
19,54,13
20,54,13
21,54,13
22,54,13
23,54,13
24,54,13
25,54,13
26,54,13
27,54,13
28,54,13
29,54,13
30,54,13
31,54,13
32,54,13
33,54,13
34,54,13
35,54,13
36,54,13
37,54,13
38,54,13
39,54,13
40,54,13
41,54,13
42,54,13
43,54,13
44,54,13
45,54,13
46,54,13
47,54,13
48,54,13
49,54,13
50,54,13
51,54,13
52,54,13
53,54,13
54,54,13
55,54,12
56,54,12
57,54,11
58,54,10
59,54,9
60,54,9
61,54,8
62,54,7
63,54,7
64,54,6
65,54,5
66,54,5
67,54,4
68,54,3
69,54,2
70,54,2
71,54,1
0,55,1
1,55,2
2,55,3
3,55,3
4,55,4
5,55,5
6,55,5
7,55,6
8,55,7
9,55,7
10,55,8
11,55,9
12,55,10
13,55,10
14,55,11
15,55,12
16,55,12
17,55,12
18,55,12
19,55,12
20,55,12
21,55,12
22,55,12
23,55,12
24,55,12
25,55,12
26,55,12
27,55,12
28,55,12
29,55,12
30,55,12
31,55,12
32,55,12
33,55,12
34,55,12
35,55,12
36,55,12
37,55,12
38,55,12
39,55,12
40,55,12
41,55,12
42,55,12
43,55,12
44,55,12
45,55,12
46,55,12
47,55,12
48,55,12
49,55,12
50,55,12
51,55,12
52,55,12
53,55,12
54,55,12
55,55,12
56,55,12
57,55,11
58,55,10
59,55,9
60,55,9
61,55,8
62,55,7
63,55,7
64,55,6
65,55,5
66,55,5
67,55,4
68,55,3
69,55,2
70,55,2
71,55,1
0,56,1
1,56,2
2,56,3
3,56,3
4,56,4
5,56,5
6,56,5
7,56,6
8,56,7
9,56,7
10,56,8
11,56,9
12,56,10
13,56,10
14,56,11
15,56,12
16,56,12
17,56,12
18,56,12
19,56,12
20,56,12
21,56,12
22,56,12
23,56,12
24,56,12
25,56,12
26,56,12
27,56,12
28,56,12
29,56,12
30,56,12
31,56,12
32,56,12
33,56,12
34,56,12
35,56,12
36,56,12
37,56,12
38,56,12
39,56,12
40,56,12
41,56,12
42,56,12
43,56,12
44,56,12
45,56,12
46,56,12
47,56,12
48,56,12
49,56,12
50,56,12
51,56,12
52,56,12
53,56,12
54,56,12
55,56,12
56,56,12
57,56,11
58,56,10
59,56,9
60,56,9
61,56,8
62,56,7
63,56,7
64,56,6
65,56,5
66,56,5
67,56,4
68,56,3
69,56,2
70,56,2
71,56,1
0,57,1
1,57,2
2,57,3
3,57,3
4,57,4
5,57,5
6,57,5
7,57,6
8,57,7
9,57,7
10,57,8
11,57,9
12,57,10
13,57,10
14,57,11
15,57,11
16,57,11
17,57,11
18,57,11
19,57,11
20,57,11
21,57,11
22,57,11
23,57,11
24,57,11
25,57,11
26,57,11
27,57,11
28,57,11
29,57,11
30,57,11
31,57,11
32,57,11
33,57,11
34,57,11
35,57,11
36,57,11
37,57,11
38,57,11
39,57,11
40,57,11
41,57,11
42,57,11
43,57,11
44,57,11
45,57,11
46,57,11
47,57,11
48,57,11
49,57,11
50,57,11
51,57,11
52,57,11
53,57,11
54,57,11
55,57,11
56,57,11
57,57,11
58,57,10
59,57,9
60,57,9
61,57,8
62,57,7
63,57,7
64,57,6
65,57,5
66,57,5
67,57,4
68,57,3
69,57,2
70,57,2
71,57,1
0,58,1
1,58,2
2,58,3
3,58,3
4,58,4
5,58,5
6,58,5
7,58,6
8,58,7
9,58,7
10,58,8
11,58,9
12,58,10
13,58,10
14,58,10
15,58,10
16,58,10
17,58,10
18,58,10
19,58,10
20,58,10
21,58,10
22,58,10
23,58,10
24,58,10
25,58,10
26,58,10
27,58,10
28,58,10
29,58,10
30,58,10
31,58,10
32,58,10
33,58,10
34,58,10
35,58,10
36,58,10
37,58,10
38,58,10
39,58,10
40,58,10
41,58,10
42,58,10
43,58,10
44,58,10
45,58,10
46,58,10
47,58,10
48,58,10
49,58,10
50,58,10
51,58,10
52,58,10
53,58,10
54,58,10
55,58,10
56,58,10
57,58,10
58,58,10
59,58,9
60,58,9
61,58,8
62,58,7
63,58,7
64,58,6
65,58,5
66,58,5
67,58,4
68,58,3
69,58,2
70,58,2
71,58,1
0,59,1
1,59,2
2,59,3
3,59,3
4,59,4
5,59,5
6,59,5
7,59,6
8,59,7
9,59,7
10,59,8
11,59,9
12,59,9
13,59,9
14,59,9
15,59,9
16,59,9
17,59,9
18,59,9
19,59,9
20,59,9
21,59,9
22,59,9
23,59,9
24,59,9
25,59,9
26,59,9
27,59,9
28,59,9
29,59,9
30,59,9
31,59,9
32,59,9
33,59,9
34,59,9
35,59,9
36,59,9
37,59,9
38,59,9
39,59,9
40,59,9
41,59,9
42,59,9
43,59,9
44,59,9
45,59,9
46,59,9
47,59,9
48,59,9
49,59,9
50,59,9
51,59,9
52,59,9
53,59,9
54,59,9
55,59,9
56,59,9
57,59,9
58,59,9
59,59,9
60,59,9
61,59,8
62,59,7
63,59,7
64,59,6
65,59,5
66,59,5
67,59,4
68,59,3
69,59,2
70,59,2
71,59,1
0,60,1
1,60,2
2,60,3
3,60,3
4,60,4
5,60,5
6,60,5
7,60,6
8,60,7
9,60,7
10,60,8
11,60,9
12,60,9
13,60,9
14,60,9
15,60,9
16,60,9
17,60,9
18,60,9
19,60,9
20,60,9
21,60,9
22,60,9
23,60,9
24,60,9
25,60,9
26,60,9
27,60,9
28,60,9
29,60,9
30,60,9
31,60,9
32,60,9
33,60,9
34,60,9
35,60,9
36,60,9
37,60,9
38,60,9
39,60,9
40,60,9
41,60,9
42,60,9
43,60,9
44,60,9
45,60,9
46,60,9
47,60,9
48,60,9
49,60,9
50,60,9
51,60,9
52,60,9
53,60,9
54,60,9
55,60,9
56,60,9
57,60,9
58,60,9
59,60,9
60,60,9
61,60,8
62,60,7
63,60,7
64,60,6
65,60,5
66,60,5
67,60,4
68,60,3
69,60,2
70,60,2
71,60,1
0,61,1
1,61,2
2,61,3
3,61,3
4,61,4
5,61,5
6,61,5
7,61,6
8,61,7
9,61,7
10,61,8
11,61,8
12,61,8
13,61,8
14,61,8
15,61,8
16,61,8
17,61,8
18,61,8
19,61,8
20,61,8
21,61,8
22,61,8
23,61,8
24,61,8
25,61,8
26,61,8
27,61,8
28,61,8
29,61,8
30,61,8
31,61,8
32,61,8
33,61,8
34,61,8
35,61,8
36,61,8
37,61,8
38,61,8
39,61,8
40,61,8
41,61,8
42,61,8
43,61,8
44,61,8
45,61,8
46,61,8
47,61,8
48,61,8
49,61,8
50,61,8
51,61,8
52,61,8
53,61,8
54,61,8
55,61,8
56,61,8
57,61,8
58,61,8
59,61,8
60,61,8
61,61,8
62,61,7
63,61,7
64,61,6
65,61,5
66,61,5
67,61,4
68,61,3
69,61,2
70,61,2
71,61,1
0,62,1
1,62,2
2,62,3
3,62,3
4,62,4
5,62,5
6,62,5
7,62,6
8,62,7
9,62,7
10,62,7
11,62,7
12,62,7
13,62,7
14,62,7
15,62,7
16,62,7
17,62,7
18,62,7
19,62,7
20,62,7
21,62,7
22,62,7
23,62,7
24,62,7
25,62,7
26,62,7
27,62,7
28,62,7
29,62,7
30,62,7
31,62,7
32,62,7
33,62,7
34,62,7
35,62,7
36,62,7
37,62,7
38,62,7
39,62,7
40,62,7
41,62,7
42,62,7
43,62,7
44,62,7
45,62,7
46,62,7
47,62,7
48,62,7
49,62,7
50,62,7
51,62,7
52,62,7
53,62,7
54,62,7
55,62,7
56,62,7
57,62,7
58,62,7
59,62,7
60,62,7
61,62,7
62,62,7
63,62,7
64,62,6
65,62,5
66,62,5
67,62,4
68,62,3
69,62,2
70,62,2
71,62,1
0,63,1
1,63,2
2,63,3
3,63,3
4,63,4
5,63,5
6,63,5
7,63,6
8,63,7
9,63,7
10,63,7
11,63,7
12,63,7
13,63,7
14,63,7
15,63,7
16,63,7
17,63,7
18,63,7
19,63,7
20,63,7
21,63,7
22,63,7
23,63,7
24,63,7
25,63,7
26,63,7
27,63,7
28,63,7
29,63,7
30,63,7
31,63,7
32,63,7
33,63,7
34,63,7
35,63,7
36,63,7
37,63,7
38,63,7
39,63,7
40,63,7
41,63,7
42,63,7
43,63,7
44,63,7
45,63,7
46,63,7
47,63,7
48,63,7
49,63,7
50,63,7
51,63,7
52,63,7
53,63,7
54,63,7
55,63,7
56,63,7
57,63,7
58,63,7
59,63,7
60,63,7
61,63,7
62,63,7
63,63,7
64,63,6
65,63,5
66,63,5
67,63,4
68,63,3
69,63,2
70,63,2
71,63,1
0,64,1
1,64,2
2,64,3
3,64,3
4,64,4
5,64,5
6,64,5
7,64,6
8,64,6
9,64,6
10,64,6
11,64,6
12,64,6
13,64,6
14,64,6
15,64,6
16,64,6
17,64,6
18,64,6
19,64,6
20,64,6
21,64,6
22,64,6
23,64,6
24,64,6
25,64,6
26,64,6
27,64,6
28,64,6
29,64,6
30,64,6
31,64,6
32,64,6
33,64,6
34,64,6
35,64,6
36,64,6
37,64,6
38,64,6
39,64,6
40,64,6
41,64,6
42,64,6
43,64,6
44,64,6
45,64,6
46,64,6
47,64,6
48,64,6
49,64,6
50,64,6
51,64,6
52,64,6
53,64,6
54,64,6
55,64,6
56,64,6
57,64,6
58,64,6
59,64,6
60,64,6
61,64,6
62,64,6
63,64,6
64,64,6
65,64,5
66,64,5
67,64,4
68,64,3
69,64,2
70,64,2
71,64,1
0,65,1
1,65,2
2,65,3
3,65,3
4,65,4
5,65,5
6,65,5
7,65,5
8,65,5
9,65,5
10,65,5
11,65,5
12,65,5
13,65,5
14,65,5
15,65,5
16,65,5
17,65,5
18,65,5
19,65,5
20,65,5
21,65,5
22,65,5
23,65,5
24,65,5
25,65,5
26,65,5
27,65,5
28,65,5
29,65,5
30,65,5
31,65,5
32,65,5
33,65,5
34,65,5
35,65,5
36,65,5
37,65,5
38,65,5
39,65,5
40,65,5
41,65,5
42,65,5
43,65,5
44,65,5
45,65,5
46,65,5
47,65,5
48,65,5
49,65,5
50,65,5
51,65,5
52,65,5
53,65,5
54,65,5
55,65,5
56,65,5
57,65,5
58,65,5
59,65,5
60,65,5
61,65,5
62,65,5
63,65,5
64,65,5
65,65,5
66,65,5
67,65,4
68,65,3
69,65,2
70,65,2
71,65,1
0,66,1
1,66,2
2,66,3
3,66,3
4,66,4
5,66,5
6,66,5
7,66,5
8,66,5
9,66,5
10,66,5
11,66,5
12,66,5
13,66,5
14,66,5
15,66,5
16,66,5
17,66,5
18,66,5
19,66,5
20,66,5
21,66,5
22,66,5
23,66,5
24,66,5
25,66,5
26,66,5
27,66,5
28,66,5
29,66,5
30,66,5
31,66,5
32,66,5
33,66,5
34,66,5
35,66,5
36,66,5
37,66,5
38,66,5
39,66,5
40,66,5
41,66,5
42,66,5
43,66,5
44,66,5
45,66,5
46,66,5
47,66,5
48,66,5
49,66,5
50,66,5
51,66,5
52,66,5
53,66,5
54,66,5
55,66,5
56,66,5
57,66,5
58,66,5
59,66,5
60,66,5
61,66,5
62,66,5
63,66,5
64,66,5
65,66,5
66,66,5
67,66,4
68,66,3
69,66,2
70,66,2
71,66,1
0,67,1
1,67,2
2,67,3
3,67,3
4,67,4
5,67,4
6,67,4
7,67,4
8,67,4
9,67,4
10,67,4
11,67,4
12,67,4
13,67,4
14,67,4
15,67,4
16,67,4
17,67,4
18,67,4
19,67,4
20,67,4
21,67,4
22,67,4
23,67,4
24,67,4
25,67,4
26,67,4
27,67,4
28,67,4
29,67,4
30,67,4
31,67,4
32,67,4
33,67,4
34,67,4
35,67,4
36,67,4
37,67,4
38,67,4
39,67,4
40,67,4
41,67,4
42,67,4
43,67,4
44,67,4
45,67,4
46,67,4
47,67,4
48,67,4
49,67,4
50,67,4
51,67,4
52,67,4
53,67,4
54,67,4
55,67,4
56,67,4
57,67,4
58,67,4
59,67,4
60,67,4
61,67,4
62,67,4
63,67,4
64,67,4
65,67,4
66,67,4
67,67,4
68,67,3
69,67,2
70,67,2
71,67,1
0,68,1
1,68,2
2,68,3
3,68,3
4,68,3
5,68,3
6,68,3
7,68,3
8,68,3
9,68,3
10,68,3
11,68,3
12,68,3
13,68,3
14,68,3
15,68,3
16,68,3
17,68,3
18,68,3
19,68,3
20,68,3
21,68,3
22,68,3
23,68,3
24,68,3
25,68,3
26,68,3
27,68,3
28,68,3
29,68,3
30,68,3
31,68,3
32,68,3
33,68,3
34,68,3
35,68,3
36,68,3
37,68,3
38,68,3
39,68,3
40,68,3
41,68,3
42,68,3
43,68,3
44,68,3
45,68,3
46,68,3
47,68,3
48,68,3
49,68,3
50,68,3
51,68,3
52,68,3
53,68,3
54,68,3
55,68,3
56,68,3
57,68,3
58,68,3
59,68,3
60,68,3
61,68,3
62,68,3
63,68,3
64,68,3
65,68,3
66,68,3
67,68,3
68,68,3
69,68,2
70,68,2
71,68,1
0,69,1
1,69,2
2,69,2
3,69,2
4,69,2
5,69,2
6,69,2
7,69,2
8,69,2
9,69,2
10,69,2
11,69,2
12,69,2
13,69,2
14,69,2
15,69,2
16,69,2
17,69,2
18,69,2
19,69,2
20,69,2
21,69,2
22,69,2
23,69,2
24,69,2
25,69,2
26,69,2
27,69,2
28,69,2
29,69,2
30,69,2
31,69,2
32,69,2
33,69,2
34,69,2
35,69,2
36,69,2
37,69,2
38,69,2
39,69,2
40,69,2
41,69,2
42,69,2
43,69,2
44,69,2
45,69,2
46,69,2
47,69,2
48,69,2
49,69,2
50,69,2
51,69,2
52,69,2
53,69,2
54,69,2
55,69,2
56,69,2
57,69,2
58,69,2
59,69,2
60,69,2
61,69,2
62,69,2
63,69,2
64,69,2
65,69,2
66,69,2
67,69,2
68,69,2
69,69,2
70,69,2
71,69,1
0,70,1
1,70,2
2,70,2
3,70,2
4,70,2
5,70,2
6,70,2
7,70,2
8,70,2
9,70,2
10,70,2
11,70,2
12,70,2
13,70,2
14,70,2
15,70,2
16,70,2
17,70,2
18,70,2
19,70,2
20,70,2
21,70,2
22,70,2
23,70,2
24,70,2
25,70,2
26,70,2
27,70,2
28,70,2
29,70,2
30,70,2
31,70,2
32,70,2
33,70,2
34,70,2
35,70,2
36,70,2
37,70,2
38,70,2
39,70,2
40,70,2
41,70,2
42,70,2
43,70,2
44,70,2
45,70,2
46,70,2
47,70,2
48,70,2
49,70,2
50,70,2
51,70,2
52,70,2
53,70,2
54,70,2
55,70,2
56,70,2
57,70,2
58,70,2
59,70,2
60,70,2
61,70,2
62,70,2
63,70,2
64,70,2
65,70,2
66,70,2
67,70,2
68,70,2
69,70,2
70,70,2
71,70,1
0,71,1
1,71,1
2,71,1
3,71,1
4,71,1
5,71,1
6,71,1
7,71,1
8,71,1
9,71,1
10,71,1
11,71,1
12,71,1
13,71,1
14,71,1
15,71,1
16,71,1
17,71,1
18,71,1
19,71,1
20,71,1
21,71,1
22,71,1
23,71,1
24,71,1
25,71,1
26,71,1
27,71,1
28,71,1
29,71,1
30,71,1
31,71,1
32,71,1
33,71,1
34,71,1
35,71,1
36,71,1
37,71,1
38,71,1
39,71,1
40,71,1
41,71,1
42,71,1
43,71,1
44,71,1
45,71,1
46,71,1
47,71,1
48,71,1
49,71,1
50,71,1
51,71,1
52,71,1
53,71,1
54,71,1
55,71,1
56,71,1
57,71,1
58,71,1
59,71,1
60,71,1
61,71,1
62,71,1
63,71,1
64,71,1
65,71,1
66,71,1
67,71,1
68,71,1
69,71,1
70,71,1
71,71,1
